-9416
-25385
-12128
3691
-6252
-26138
-27193
-13408
-3164
-14161
-20037
-11374
-4218
-13785
-20263
-9566
-151
-151
-10847
-15819
904
-377
-2561
-14689
-19133
-9039
-7533
-8813
-11374
-10320
-12504
-20037
-18229
-9416
-3691
-16722
-15291
-527
3691
-7759
-20263
-16722
-6252
-2561
-13634
-20413
-14312
-527
-15065
-12655
-5348
1130
-377
-11374
-20263
-4595
11374
-904
-1281
9039
1281
-4068
-4595
-5875
-12881
-8060
-13634
-16948
-21167
-15442
-21543
-30357
-21167
-5875
-9943
-11374
-11224
-4746
5499
1507
4444
6779
2034
-11977
-9190
2034
-6629
-24481
-23351
-15969
-14915
-21920
-15668
-5122
-10998
-18756
-15969
-3314
-2787
-14538
-6101
8060
7533
-377
-8060
-7382
-1657
-14689
-10094
-18229
-16722
-17250
-19510
-16572
-6252
-10847
-12655
-7005
-7759
-4746
-1507
-14161
-2034
1808
2938
-4746
-13785
1281
2184
-19886
-22071
-7533
-13634
-20037
-24632
-14538
-10470
-15291
-28473
-26666
-7156
-1808
3465
13257
8060
-527
-7382
527
11751
377
-17250
-11600
-17476
-23728
-19510
-13408
-16948
-24104
-15442
-2787
-6403
-10470
-14011
-2034
1507
-3691
-4746
1808
-3314
-18606
-13031
5499
-8813
-25385
-18907
-4218
-4972
-18003
-16195
-4746
-6629
-14689
-13785
-2787
5499
-151
-14538
-13634
2184
-151
-19886
-25762
-14161
-6252
-11374
-17099
-21317
-27569
-18380
-7533
-151
-13634
-16572
-377
8286
-4595
-19133
-18907
-6252
-753
-13031
-19510
-15969
-12128
-6252
-3465
-8437
-7533
-13257
-13634
-377
3691
-4444
-13031
-10320
-4068
-7759
-13634
-18229
-7909
-5725
-3691
-10470
-19660
-12354
-13408
-7005
-4444
-3314
-9039
-9566
-8663
-8060
-14161
-9943
-904
-9039
-14161
-14915
-11224
-3314
-13257
-3314
-7533
-13634
-15819
-2938
5122
0
-14538
-11977
-2410
-1281
-13408
-7759
4972
-7909
-22071
-19133
-7156
-1808
-16346
-19510
-13634
-1507
-8437
-15065
-11374
-151
151
-4746
-9943
-7382
-753
-4068
-4444
-14312
-5499
-10998
-19284
-18907
-13785
-13408
-7005
-10320
-10094
-10094
-8813
-4746
-10320
-14161
-9717
-904
-3842
-10320
-4972
-6101
-8286
-13408
-5499
-8286
-4068
-12655
-10094
-4218
-5875
-15065
-18907
-19133
-8060
-2938
-4595
-3691
-4444
-6779
-7909
-8663
-9039
-9039
-8663
-13031
-9416
-13257
-15969
-6252
-11751
-11751
-6779
-3465
-1130
-11224
-6403
9416
1657
-15065
-10320
3164
-527
-16346
-19133
-7382
-2034
-14161
-26816
-28473
-17099
-8286
-12354
-22975
-19510
-2034
8437
-1507
-14161
-5348
6629
-7533
-15065
-14689
-8663
-14915
-19510
-22221
-15442
-12128
-6101
-5348
-2561
-9039
-1507
753
-8813
-14161
-13408
-7005
-5725
-8813
-9416
-15291
-16948
-10998
-11600
-16346
-20564
-17099
-7156
-10470
-13634
-7382
753
-2034
-3691
-6101
6403
4068
2787
-14312
-13408
-7156
527
-8663
-15065
-15442
-19284
-17099
-11751
-6403
-2938
-8060
-11374
-7759
-7759
-10470
-6629
-2410
7533
-2938
-8663
-2938
-5499
-11600
-15065
-23351
-9416
-12354
-24858
-25912
-10696
-18229
-32767
-22071
-527
7533
-7156
-11977
904
8813
1281
-3691
-8060
-5122
-10094
-16948
-18606
-13634
-15291
-20790
-21543
-21317
-5122
-10998
-16195
-11224
-2938
4068
-151
5348
3465
-4444
-4444
-8060
-11751
-11600
-3314
-7759
-16948
-19133
-12354
-3314
-5875
-14915
-12504
-4972
1808
-1281
-6779
-2787
-11977
-9416
904
-7759
-13785
-16195
-13031
-6252
-21543
-11600
-6779
-17852
-18380
-7156
5122
-377
-10696
3164
11600
3842
-7533
-3842
3465
-2184
-8060
-10696
-9190
-12655
-13785
-14161
-13257
-16346
-13634
-9566
-8286
-10696
-13031
-10998
-6403
1281
904
-1130
-13785
-17099
0
-3164
-9039
-16572
-18229
-13408
-14915
-14689
-21694
-11374
-8437
-14689
-5348
527
-2561
-9717
8437
1281
-9717
-12504
-9190
-12128
-22071
-17626
-2561
-5122
-14915
-31110
-25159
-2034
6403
-9717
-13408
-9566
-5348
10320
14312
3842
-15442
-16195
-4972
-6403
-17250
-8813
-21694
-13031
-7909
2787
-10998
-18907
-19660
-3842
4068
-1281
-22975
-19133
-10320
-2938
-5348
-11977
-18606
-15819
-9943
-5348
-12655
-17852
-24632
-18380
2034
6403
-6252
-15065
-7382
5725
-753
-12655
-12128
-4595
-7759
-4746
-6779
-6629
-10847
-18380
-19284
-11977
-6629
-10470
-20037
-18003
-12354
5122
-5499
-14689
-7759
10847
4068
-8813
-5725
527
-8437
-14689
-19133
-14312
-16346
-11977
-10094
-16346
-10094
-10696
-8663
-15065
-7533
9190
8437
-6779
-9717
-4218
-3465
-11600
-13785
-4068
-904
-15442
-20564
-13408
-8437
-13257
-15291
-10470
-10696
-2938
-4972
-5348
-3842
-2184
1808
4444
-377
-12655
-9416
-6252
-6252
-3465
-12128
-25159
-24858
-10847
-12128
-29227
-29603
-18229
1808
-5725
-16346
-3465
7759
-3314
-4595
1507
6252
-4746
-19284
-9717
-7005
-13634
-12655
-22071
-18003
-20263
-20564
-10696
-5499
-13634
-14915
-11224
-14312
-3465
-753
-1130
-13785
-14011
-7759
-5348
-9943
-20941
-26666
-22824
-9039
-14915
-22071
-18606
-4746
-1281
-14161
-17250
-5875
-527
-3691
-2787
-5348
-9190
-17626
-17626
-5122
-9943
-8813
-13257
-753
-16948
-10320
-3164
-2410
-14161
-19510
-5122
-904
-17099
-21317
-2184
1507
-17626
-21543
-904
12354
5875
-13257
-20263
-4595
5122
753
-12655
-25385
-13785
-904
2184
-4746
-17250
-30507
-18756
-7005
-4972
-21920
-20941
-10696
-2561
-4746
-14011
-9190
0
-9943
-9566
-14312
2034
3842
-15442
-16572
-7005
1808
-8060
-20564
-20790
-2184
-2938
151
-7759
-22447
-27193
-8437
17626
10696
-10847
-16195
-2787
9416
-12354
-10998
2787
2034
-18229
-22598
-14161
-13634
-23351
-16572
-13031
-22975
-11977
-7005
-5875
-3842
2787
5499
-3842
-4068
10696
10320
-12128
-25385
-17852
-4746
-13785
-31788
-29980
-15969
-4444
-16722
-18380
-377
-2561
-10696
-9039
-151
1507
-3314
-7909
-527
6779
-151
-21694
-18756
-1281
8663
-10470
-24104
-16948
-4746
-9717
-14538
-18003
-3842
-4972
6403
-2561
-3465
-10696
-9190
11224
8437
-6403
-14011
-14538
-3314
-151
0
-5499
-15969
-16572
-9039
-3465
6629
527
-15668
-11224
9566
6629
-10696
-14915
-6252
5122
-6779
-17852
-17099
-16346
-13031
-16346
-22975
-18756
-25008
-24104
-23351
-6403
7005
13408
-7005
-10094
-4218
1657
10998
-753
-8813
-1281
-3164
-7533
-9717
5348
-8060
-18756
-11600
3842
-9717
-23201
-23351
3465
0
-9039
-15065
-7909
7533
2184
-11224
-16195
-9717
2787
1130
-14689
-17626
-13408
-11224
-6101
-2938
-11600
-19660
-16948
-5348
-2034
-4444
-8060
-5348
-1507
-151
-13634
-7909
-5725
1808
-14538
-21317
-10998
3164
-3465
-24104
-31788
-28323
-9190
-151
-4218
-12504
-14011
-6629
3691
11600
-3842
-16346
-7005
-1130
-17250
-22071
-6779
-5348
-20037
-21167
-753
9943
-3314
-20263
-10847
7156
9416
1808
-2561
-5875
-9566
-13408
-4444
-3164
-13785
-30357
-18606
-11751
-16195
-30357
-23728
-8060
-2787
-7005
-18003
-17852
8060
17476
6101
-13257
-7382
5499
10470
1507
-7156
-16572
-14915
-9566
-16346
-17626
-22221
-14689
