-17 0
-43 -62
43 31
12 -2
-16 -20
29 -39
41 -13
-39 -3
19 26
-33 -3
32 -13
-20 -8
-71 -1
12 -50
-15 -5
-18 -31
37 -50
3 -19
21 62
16 -7
-9 24
28 -13
0 -11
36 48
2 -61
20 -2
10 5
37 -39
-2 39
26 -45
20 -8
-7 -41
-16 -37
-17 -16
-66 -24
20 0
43 -24
8 24
22 -15
3 -49
48 19
-34 -74
50 -64
19 -30
43 -132
33 -51
51 -125
106 -108
115 -147
144 -272
344 -440
1943 -2651
-532 663
-145 311
-160 239
-110 99
-94 130
-18 93
-88 46
-101 41
-55 105
-46 115
-20 125
-56 43
-72 74
3 77
-16 62
-89 99
-23 9
-16 28
6 31
29 -32
-15 12
25 15
-62 4
16 28
-30 52
-1 85
-12 0
-7 17
-12 -14
-77 25
20 54
-43 47
13 40
31 38
6 36
19 26
-18 -34
-23 44
-14 -6
20 25
-28 24
-7 39
-35 66
5 3
-5 17
-42 29
73 66
3 41
-23 49
3 37
-30 18
-15 -3
-8 102
-38 76
-27 -8
30 -8
11 11
10 -26
-36 27
11 9
5 -22
2 47
-1 45
25 72
11 22
-80 79
12 57
60 44
-5 -17
-36 55
-57 62
-12 -17
-24 -12
-37 -1
40 17
-46 84
-18 25
-7 28
-41 24
-41 32
60 -5
47 16
3 20
-31 52
-5 28
-3 43
-5 -18
27 13
16 16
-14 19
-102 9
-7 -31
-28 9
14 -45
-11 1
-24 25
-3 28
23 13
-1 15
-18 8
-49 5
-31 74
26 -8
4 14
7 -13
68 12
0 42
-25 18
-30 -22
6 -50
-2 3
-49 17
-23 80
-13 -24
-2 1
10 -13
-14 -20
-13 -6
-50 -40
18 -25
-30 4
11 4
-41 19
-16 -7
5 -32
3 49
4 38
0 -22
34 46
-18 29
6 49
-7 -33
37 12
6 29
13 -26
-23 44
-26 -49
-36 -10
-1 -72
-30 -52
29 -83
-15 0
-35 -24
26 -22
32 -4
60 37
-29 -12
38 -3
18 16
13 -41
-52 25
-3 -5
-44 8
-29 14
20 38
10 24
28 34
-21 17
-29 54
40 -34
0 -1
-3 9
-55 13
-36 -26
16 -33
-36 24
12 58
49 25
-8 -30
57 5
-13 37
-11 39
-18 -9
-11 3
-5 -2
-16 39
-59 -30
-36 45
-18 -32
-14 56
20 65
-29 -10
38 -29
-45 6
46 14
-27 -7
-55 37
-3 13
2 10
-15 5
49 8
2 33
-5 53
-35 12
-29 5
-21 14
-4 -31
1 1
-31 -8
5 -24
-5 -13
14 -2
45 -50
-15 11
21 -1726
-18 7
-6 11
-29 9
-27 7
-72 -28
17 -7
-14 14
22 -50
-5 -58
49 8
3 0
19 -18
-27 -21
-34 4
-31 17
43 26
-23 -5
-64 49
-27 -24
-37 5
28 13
-16 -25
-16 34
-17 -31
35 58
-28 47
19 -30
-12 14
2 25
-32 -14
8 38
-32 -3
13 17
-3 -36
-15 -20
-18 -67
-36 -2
32 4
35 -7
1 -23
-22 13
43 24
-40 -43
-31 -22
33 26
6 21
51 -31
-31 -16
-7 35
10 -14
-19 28
-44 -19
-11 29
-27 32
-37 4
-23 0
35 -13
-30 7
43 -60
-49 10
6 59
26 -46
-37 49
-59 4
21 4
-14 23
-10 1
-9 42
19 -17
41 14
-25 -33
8 -64
59 59
-17 41
30 -70
-4 -43
25 -5
-8 -23
48 37
-28 -44
-69 -54
-28 35
-9 40
-71 17
-24 28
8 -23
-44 36
-21 0
-5 -12
89 -32
-14 -54
35 4
-4 45
-54 -21
2 31
0 25
40 -52
-109 6
-13 28
24 -7
42 30
44 -24
-50 14
31 -37
-6 -11
-71 24
4 -38
25 -31
7 2
-66 -21
-58 76
-43 -7
-38 -5
-27 14
-25 7
-26 -9
6 32
-28 -14
-16 -20
-9 41
-24 16
-4 -54
9 -4
-44 -26
-2 -28
15 37
-33 25
-17 67
15 -16
22 -11
-53 19
76 31
23 0
47 40
0 -3
-17 -5
-43 11
-20 34
9 -7
5 -17
-12 2
31 -66
-18 -25
-70 -14
-18 29
-36 -23
22 -15
4 81
0 -19
-18 -14
-54 -9
3 16
40 50
17 5
-26 7
-68 -25
42 13
-36 9
-16 -16
-31 -11
5 -3
-26 55
-26 16
-25 -24
-39 12
-57 6
8 -10
-48 11
-11 6
18 15
-7 -47
-17 49
-11 28
-70 -1
-27 -32
-18 -1
-25 11
21 -40
-40 59
-51 -11
21 19
-43 38
6 11
-17 52
25 -8
0 -32
-45 -39
1 23
-37 -9
30 -15
13 65
-87 0
16 -4
-20 -15
10 46
21 20
19 12
-6 -19
-10 -5
-38 -32
59 -41
18 -10
15 -1
-6 -58
-9 7
-6 -33
-6 -14
-3 46
38 21
-44 -27
-48 33
12 0
-51 -8
-20 -27
-9 34
-20 -32
-34 80
-64 -26
35 -53
4 35
36 -27
-9 -42
-46 -13
14 -22
60 57
-7 -57
-14 30
-12 31
14 -11
-10 -21
-12 11
22 -13
6 -31
15 -23
31 -27
6 18
-15 13
-4 -35
-4 -54
-7 -83
4 -8
4 -7
-33 43
-26 19
41 87
1 8
-21 -62
-24 -46
-30 -93
-19 65
-1 -37
-47 -3
34 22
-11 -14
-77 26
-21 0
-77 -27
-11 13
34 -23
-46 2
-1 37
-20 -66
-30 92
-24 45
-21 62
0 -8
41 -87
-26 -19
-33 -44
4 6
4 8
-7 82
-4 54
-3 34
-15 -14
6 -18
31 26
15 22
6 31
22 12
-12 -12
-9 20
15 10
-11 -31
-14 -30
-7 56
60 -58
15 22
-46 12
-10 41
36 26
5 -35
36 53
-64 26
-34 -81
-20 32
-9 -35
-20 27
-51 7
12 -1
-48 -33
-44 27
38 -22
-2 -47
-6 14
-6 32
-9 -8
-6 57
15 0
18 10
59 40
-38 31
-9 5
-6 18
19 -13
21 -20
10 -47
-21 15
17 3
-87 -1
14 -66
30 14
-37 8
1 -24
-45 38
0 32
25 8
-16 -52
6 -12
-43 -38
21 -19
-51 11
-40 -60
21 39
-25 -12
-18 0
-27 31
-70 0
-11 -29
-17 -50
-7 46
18 -16
-11 -6
-48 -12
8 9
-57 -7
-39 -13
-25 24
-26 -16
-26 -56
5 2
-31 10
-16 15
-36 -9
42 -13
-68 24
-26 -8
17 -6
40 -51
4 -17
-53 8
-18 13
0 19
4 -82
22 14
-36 22
-18 -30
-70 13
-18 24
31 65
-12 -3
5 16
9 6
-20 -34
-43 -11
-17 4
0 3
47 -41
23 -1
77 -32
-53 -20
22 10
15 15
-17 -68
-33 -26
15 -38
-2 27
-44 26
9 3
-4 53
-24 -16
-9 -42
-16 19
-28 13
7 -33
-26 8
-25 -8
-27 -14
-38 4
-43 6
-58 -76
-66 20
7 -2
25 30
4 37
-71 -24
-6 11
31 36
-50 -15
44 23
42 -31
24 6
-13 -29
-109 -7
40 51
0 -26
2 -31
-54 20
-4 -46
35 -5
-14 53
90 32
-5 11
-21 -1
-44 -37
8 23
-24 -29
-71 -18
-9 -40
-28 -36
-69 53
-28 43
48 -38
-8 23
25 4
-4 42
31 69
-18 -41
59 -59
8 63
-25 33
41 -15
20 16
-9 -43
-10 -2
-14 -24
22 -4
-59 -5
-38 -49
26 45
6 -59
-49 -11
42 58
-30 -7
35 12
-22 0
-37 -5
-27 -33
-10 -29
-43 18
-19 -29
9 13
-7 -36
-31 15
51 30
6 -22
32 -27
-31 21
-40 42
43 -25
-23 -13
1 22
36 6
33 -4
-36 1
-18 67
-15 19
-3 35
13 -17
-32 2
8 -39
-32 13
2 -26
-12 -15
19 29
-28 -47
36 -58
-17 30
-16 -35
-16 24
28 -14
-37 -5
-27 23
-64 -49
-23 4
43 -27
-31 -17
-33 -5
-26 21
19 17
3 0
49 -9
-5 57
23 49
-14 -15
17 6
-72 27
-27 -7
-29 -9
-6 -12
-17 -8
21 1725
-15 -12
45 49
14 1
-5 12
5 22
-30 7
1 -2
-3 30
-20 -15
-28 -7
-34 -12
-5 -55
2 -34
49 -9
-15 -6
2 -11
-3 -15
-55 -38
-27 6
47 -15
-44 -7
38 28
-28 9
20 -66
-14 -57
-17 31
-36 -46
-59 29
-16 -40
-5 0
-10 -4
-18 7
-11 -40
-13 -38
58 -6
-8 29
50 -26
13 -59
-36 -25
17 32
-35 25
-55 -13
-3 -10
0 -1
41 33
-28 -56
-21 -19
28 -36
11 -25
21 -39
-28 -15
-44 -9
-2 3
-52 -26
13 40
18 -17
39 2
-28 12
61 -38
32 3
27 21
-35 22
-14 -1
30 82
-30 51
0 71
-36 9
-26 48
-23 -46
13 25
7 -30
37 -12
-7 32
6 -50
-18 -30
34 -47
0 21
4 -40
3 -50
5 31
-16 6
-40 -20
12 -5
-29 -5
19 24
-49 39
-12 5
-13 19
10 11
-2 -2
-13 23
-23 -81
-49 -18
-2 -4
6 49
-30 21
-25 -19
1 -44
68 -13
8 12
4 -15
27 7
-31 -75
-48 -6
-18 -9
0 -16
24 -14
-2 -29
-24 -26
-10 -2
15 45
-28 -10
-6 30
-101 -10
-13 -20
16 -18
27 -14
-5 17
-2 -44
-5 -30
-30 -53
4 -21
48 -17
60 3
-41 -33
-40 -25
-7 -29
-18 -26
-45 -85
41 -18
-37 0
-24 11
-11 16
-57 -63
-35 -56
-4 15
60 -45
13 -58
-80 -80
11 -23
25 -73
0 -46
2 -48
5 21
12 -11
-35 -28
10 24
11 -12
31 7
-27 7
-38 -77
-8 -104
-14 2
-30 -19
3 -38
-23 -50
3 -42
73 -67
-42 -30
-4 -19
6 -4
-35 -67
-7 -40
-27 -25
21 -26
-14 4
-23 -45
-18 33
20 -27
6 -37
31 -40
14 -41
-42 -48
20 -55
-76 -26
-12 13
-7 -18
-11 -1
-1 -86
-30 -53
16 -29
-62 -6
26 -17
-14 -13
30 31
7 -32
-15 -30
-23 -10
-89 -100
-15 -63
3 -78
-72 -75
-55 -44
-19 -126
-45 -116
-54 -106
-100 -43
-87 -48
-17 -95
-93 -132
-110 -100
-159 -241
-144 -312
-531 -665
1943 2649
345 438
144 271
116 145
106 107
52 124
34 50
45 130
19 28
51 62
-33 72
48 -20
4 48
23 14
9 -26
43 22
22 -2
-65 23
-16 15
-16 35
-6 40
21 6
27 44
-1 -40
38 38
11 -7
21 0
3 59
36 -50
1 10
28 12
-8 -26
16 5
22 -64
4 18
38 48
-17 29
-14 3
13 47
-69 -1
-19 7
34 11
-32 0
21 -28
-38 0
42 12
30 38
-15 18
13 -1
44 -34
-42 59
